(3, 3, 5)
ndarray([126.0  188.0  217.0  176.0  121.0]
        [181.0  255.0  255.0  255.0  171.0]
        [120.0  190.0  191.0  198.0  124.0]
        [63.0  147.0  189.0  128.0  56.0]
        [129.0  255.0  255.0  251.0  114.0]
        [86.0  158.0  169.0  167.0  87.0]
        [43.0  121.0  166.0  103.0  38.0]
        [90.0  231.0  255.0  223.0  77.0]
        [67.0  127.0  143.0  135.0  67.0],
        shape = (3, 3, 5),
        rank = 3)

(3, 3, 5)
ndarray([126  188  217  176  121]
        [181  255  255  255  171]
        [120  190  191  198  124]
        [63  147  189  128  56]
        [129  255  255  251  114]
        [86  158  169  167  87]
        [43  121  166  103  38]
        [90  231  255  223  77]
        [67  127  143  135  67],
        shape = (3, 3, 5),
        rank = 3)

